IC||40|210|1|MSP430G2553|U?|||DIP20|IC||DIP20_1
IC||525|210|1||U?|||DIP8|IC||DIP8_1
Terminal||362|198|1||TS?||6|4|||terminal_461
Terminal||631|198|1||TS?||6|4|||terminal_461
Transistor|BC559|777|108|2|Transistor|Q?|||2|IC||transistor_22
Wire||802|17|21||11|#FF0000|3|11||10|
Wire||290|17|21||11|#FF0000|3|11||10|
Wire||290|402|21||11|#000000|3|11||10|
Wire||613|17|21||11|#FF0000|3|11||10|
Wire||532|402|21||11|#000000|3|11||10|
DIPSw||121|319|1||SW?||10||DIPSw||dipsw_101
Resistor|1000|365|20|2|Resistor|R?||2||IC||
Wire||398|44|21||11|#000000|2|11||10|
Wire||750|152|11||11|#FF0000|3|11||10|
Wire||49|125|11||11|#FFFF00|15|11||10|
Wire||76|152|11||11|#FFFF00|15|11||10|
Wire||103|180|11||11|#FFFF00|15|11||10|
Wire||425|182|21||11|#FFFF00|4|11||8|
Wire||49|308|12||11|#FFFF00|14|11||10|
ProtoBrd||176|284|1||XX?||1|3| ||protobrd_3
Wire||182|374|21||11|#000000|4|11||8|
Wire||667|44|21||11|#000000|2|11||10|
Resistor|1000|725|174|1|Resistor|R?||3||IC||
Wire||76|345|11||11|#00A060|21|11||8|
Wire||103|372|11||11|#3253FF|22|11||8|
DIPSw||391|319|1||SW?||10||DIPSw||dipsw_101
DIPSw||660|319|1||SW?||10||DIPSw||dipsw_101
Wire||238|143|12||11|#3253FF|12|11||8|
Wire||451|374|21||11|#000000|4|11||8|
Wire||721|374|21||11|#000000|4|11||8|
ProtoBrd||149|284|1||XX?||1|3| ||protobrd_3
ProtoBrd||122|284|1||XX?||1|3| ||protobrd_3
ProtoBrd||203|284|1||XX?||1|3| ||protobrd_3
Wire||157|391|13||11|#FF0000|19|11||8|
Wire||640|182|21||11|#00A060|4|11||8|
Wire||694|182|21||11|#3253FF|4|11||8|
Wire||155|182|21||11|#FF0000|5|11||8|
Wire||128|182|21||11|#A233C3|6|11||8|
Wire||346|363|12||11|#CC6633|2|11||8|
Wire||344|209|21||11|#CC6633|3|11||10|
Wire||184|171|12||11|#CC6633|6|11||8|
Wire||211|100|13||11|#00A060|14|11||10|
Wire||265|116|12||11|#FF9900|10|11||8|
Wire||613|402|21||11|#000000|3|11||10|
Terminal||739|391|1||TS?||4|4|||terminal_441
Wire||588|363|12||11|#FFFF00|9|11||8|
Wire||561|336|12||11|#FFFF00|9|11||8|
Wire||775|44|21||11|#000000|2|11||10|
Wire||775|374|21||11|#000000|4|11||8|
Wire||775|209|21||11|#000000|3|11||10|
Wire||47|17|21||11|#FF0000|16|11||10|
Wire||748|209|21||11|#FF0000|3|11||10|
BREADBOARDSTYLE=BB11
SHOWTHETOPAREA=false
