Terminal||577|198|1||TS?||8|4|LCD||terminal_481
Terminal||362|198|1||TS?||8|4|||terminal_481
Wire||775|44|21||11|#000000|2|11||10|
Wire||748|17|21||11|#FF0000|3|11||10|
Wire||829|17|21||11|#FF0000|3|11||10|
Resistor|1000|725|120|1|Resistor|R?||2||IC||
Resistor|510|365|20|2|Resistor|R?||3||IC||
Wire||398|44|21||11|#CC6633|2|11||10|
Wire||49|372|11||11|#FFFF00|14|11||8|
Wire||425|182|21||11|#FFFF00|4|11||8|
Wire||103|125|11||11|#FFFF00|15|11||10|
Wire||76|152|11||11|#FFFF00|15|11||10|
Wire||49|180|11||11|#FFFF00|15|11||10|
Wire||667|44|21||11|#000000|2|11||10|
Wire||694|182|21||11|#00A060|4|11||8|
Wire||640|182|21||11|#A233C3|4|11||10|
Wire||103|317|11||11|#00A060|22|11||12|
Wire||76|345|11||11|#A233C3|21|11||10|
DIPSw||121|292|1||SW?||10||DIPSw||dipsw_101
DIPSw||391|292|1||SW?||10||DIPSw||dipsw_101
DIPSw||660|292|1||SW?||10||DIPSw||dipsw_101
Wire||182|347|21||11|#000000|5|11||8|
Wire||451|347|21||11|#000000|5|11||8|
Wire||721|347|21||11|#000000|5|11||8|
Wire||128|127|21||11|#CC6633|7|11||8|
Wire||155|127|21||11|#FF9900|6|11||8|
Wire||157|308|12||11|#FF9900|9|11||12|
Wire||211|400|11||11|#3253FF|17|11||10|
Wire||209|209|21||11|#3253FF|3|11||10|
Wlinks||184|154|17||XX?||1|2| ||protowire_172
Terminal||38|88|1||TS?||6|4|Terminals||terminal_461
Terminal||38|391|1||TS?||6|4|Terminals||terminal_461
BREADBOARDSTYLE=BB11
SHOWTHETOPAREA=false
